Final score (with weights)is: 320.76415094339626
cpu = 0.0 
net = 0 
ram = 99.92138364779875 
uptime = 1 
ver = 0 
boot = 0 

