Final score (with weights)is: 35.71389645776567
cpu = 4.9046321525885554 
net = 0 
ram = 0.0 
uptime = 1 
ver = 0 
boot = 0 

