pre-prod06 = 30.911246200607906 
pre-prod08 = -21.746026921406866 
test08 = 136.95692574902301 
prod04 = 493.2515414676509 
test11 = -21.84602692140686 
pre-prod05 = 100.52181936604427 
prod10 = -11.478810247503255 
prod09 = -20.744702561875812 
prod08 = 140.2337386018237 
test07 = 182.9009552757273 
pre-prod07 = 104.57976552323058 
prod02 = 134.42181936604428 
prod01 = 161.45725141120275 
pre-prod02 = 11.552648719062093 
test02 = 16.46191923577942 
bigtest = 1501.6327833260962 
prod06 = 54.85627442466348 
test01 = 131.5897090751194 
prod05 = 151.2562527138515 
test03 = 74.6811115935736 
pre-prod10 = 0.4490013026487212 
test10 = -21.496026921406866 
pre-prod01 = 101.22314372557533 
test05 = 113.55924880590536 
test04 = 153.46022579244465 
pre-prod09 = 4.1556231003039485 
prod07 = 120.0926834563613 
test09 = -13.930134607034304 
prod03 = 449.61280937907077 
test06 = 157.96949630916197 
pre-prod04 = 912.3031046461138 
pre-prod03 = no nic 

