pre-prod06 = 31.815634728467657 
pre-prod08 = 31.816326530612244 
test08 = 31.6050305914344 
prod04 = 27.53061224489796 
test11 = 31.0 
pre-prod05 = 31.626702997275203 
prod10 = 50.83651226158038 
prod09 = 80.0599455040872 
prod08 = 28.561307901907355 
test07 = 31.83106267029973 
pre-prod07 = 35.71389645776567 
prod02 = 28.76566757493188 
prod01 = 25.08719346049046 
pre-prod02 = 33.05722070844686 
test02 = 33.67029972752044 
bigtest = 325.92026622593465 
prod06 = 38.57493188010899 
test01 = 321.0 
prod05 = 25.08719346049046 
test03 = 29.787465940054496 
pre-prod10 = 39.59673024523161 
test10 = 31.626702997275203 
pre-prod01 = 32.26825836422924 
test05 = 33.26158038147139 
test04 = 31.626702997275203 
pre-prod09 = 80.8360655737705 
prod07 = 26.5327868852459 
test09 = 29.401639344262296 
prod03 = 24.893442622950822 
test06 = 31.860655737704917 
pre-prod04 = 327.7823960334122 

