pre-prod06 = 21.203389830508474 
pre-prod08 = 21.0 
test08 = 21.0 
prod04 = 21.0 
test11 = 21.0 
pre-prod05 = 21.0 
prod10 = 21.0 
prod09 = 21.0 
prod08 = 21.0 
test07 = 21.0 
pre-prod07 = 21.0 
prod02 = 21.0 
prod01 = 21.0 
pre-prod02 = 21.0 
test02 = 21.0 
bigtest = 320.1825613079019 
prod06 = 21.0 
test01 = 21.0 
prod05 = 21.0 
test03 = 21.0 
pre-prod10 = 22.22615803814714 
test10 = 21.0 
pre-prod01 = 21.817438692098094 
test05 = 21.0 
test04 = 22.43051771117166 
pre-prod09 = 21.0 
prod07 = 21.0 
test09 = 21.0 
prod03 = 21.0 
test06 = 21.0 
pre-prod04 = 313.64305177111714 

