pre-prod03 = 37.79 
pre-prod06 = 38.489999999999995 
pre-prod08 = 103.56 
test08 = 36.040000000000006 
prod04 = 45.870000000000005 
test11 = 103.8 
pre-prod05 = 40.099999999999994 
prod10 = 61.43 
prod09 = 102.12 
prod08 = 40.82 
test07 = 38.900000000000006 
pre-prod07 = 105.61999999999999 
prod02 = 106.58 
prod01 = 37.230000000000004 
pre-prod02 = 37.56 
test02 = 34.2 
bigtest = 61.29 
prod06 = 64.42 
test01 = 24.439999999999998 
prod05 = 107.28999999999999 
test03 = 38.96 
pre-prod10 = 103.55 
bigprod = 126.8 
test10 = 34.44 
pre-prod01 = 39.86 
test05 = 37.41 
test04 = 106.09 
pre-prod09 = 101.86 
prod07 = 106.35 
test09 = 37.79 
prod03 = 111.19 
test06 = 106.33 
pre-prod04 = 50.43 

