pre-prod03 = 23.96300043421624 
pre-prod06 = 34.1970820668693 
pre-prod08 = 26.591324359531043 
test08 = 57.99897524967434 
prod04 = 188.36384715588363 
test11 = 26.611324359531046 
pre-prod05 = 68.70727312201475 
prod10 = 24.053729917498913 
prod09 = 26.73843247937473 
prod08 = 70.6912462006079 
test07 = 73.47365175857577 
pre-prod07 = 79.97992184107686 
prod02 = 78.72727312201476 
prod01 = 66.29908380373425 
pre-prod02 = 16.384216239687365 
test02 = 17.83397307859314 
bigtest = 513.1575944420322 
prod06 = 46.218758141554495 
test01 = 54.556569691706464 
prod05 = 84.3920842379505 
test03 = 37.453703864524535 
pre-prod10 = 33.96300043421624 
test10 = 16.541324359531046 
pre-prod01 = 68.91438124185845 
test05 = 50.17308293530178 
test04 = 84.99340859748155 
pre-prod09 = 34.95854103343465 
prod07 = 73.95089448545376 
test09 = 19.196621797655233 
prod03 = 183.81760312635691 
test06 = 86.52316543638733 
pre-prod04 = 327.91436821537127 

